1	1465958400	536870912	0	2834747392	1073741824	0	1769922560	536870912	0	3533074432	1073741824	0	6088740864
2	1466077184	536870912	0	2834866176	1073741824	0	1769922560	536870912	0	3533074432	1073741824	0	6088843264
3	1466077184	536870912	0	2834853888	1073741824	0	1769922560	536870912	0	3533074432	1073741824	0	6088974336
4	1466056704	536870912	0	2834833408	1073741824	0	1769922560	536870912	0	3535171584	1073741824	0	6086729728
5	1466175488	536870912	0	2834952192	1073741824	0	1769922560	536870912	0	3535171584	1073741824	0	6086582272
6	1466294272	536870912	0	2845687808	1073741824	0	1769922560	536870912	0	3535171584	1073741824	0	6076944384
7	1491054592	536870912	0	2885521408	1073741824	0	1769922560	536870912	0	3535171584	1073741824	0	6012600320
8	1499693056	536870912	0	2911019008	1073741824	0	1769922560	536870912	0	3535171584	1073741824	0	5978505216
9	1516720128	536870912	0	2922033152	1073741824	0	1769922560	536870912	0	3535171584	1073741824	0	5950160896
10	1534660608	536870912	0	2922151936	1073741824	0	1769922560	536870912	0	3535171584	1073741824	0	5931782144
11	1534885888	536870912	0	2922196992	1073741824	0	1769922560	536870912	0	3535171584	1073741824	0	5929742336
12	1535266816	536870912	0	2922577920	1073741824	0	1769922560	536870912	0	3535171584	1073741824	0	5929635840
13	1535647744	536870912	0	2922827776	1073741824	0	2143608832	536870912	0	3535171584	1073741824	0	5553786880
14	1536020480	536870912	0	2923200512	1073741824	0	2147483648	536870912	0	3535171584	1073741824	0	5548605440
15	1536401408	536870912	0	2923450368	1073741824	0	2147348480	536870912	0	3678928896	1073741824	0	5399056384
16	1536937984	536870912	0	2923962368	1073741824	0	2147450880	536870912	0	4044636160	1073741824	0	5033467904
17	1537331200	536870912	0	2924343296	1073741824	0	2147471360	536870912	0	4294930432	1073741824	0	4781293568
18	1537785856	536870912	0	2924724224	1073741824	0	2147459072	536870912	0	4294946816	1073741824	0	4780707840
19	1538031616	536870912	0	2925023232	1073741824	0	2147471360	536870912	0	4294926336	1073741824	0	4780249088
20	1538473984	536870912	0	2925404160	1073741824	0	2147475456	536870912	0	4294934528	1073741824	0	4779593728
21	1538875392	536870912	0	2925916160	1073741824	0	2147356672	536870912	0	4294930432	1073741824	0	4777402368
22	1539207168	536870912	0	2926297088	1073741824	0	2147393536	536870912	0	4294950912	1073741824	0	4777971712
23	1539514368	536870912	0	2926678016	1073741824	0	2147422208	536870912	0	4294934528	1073741824	0	4777074688
24	1540042752	536870912	0	2927095808	1073741824	0	2147483648	536870912	0	4294955008	1073741824	0	4775600128
25	1540423680	536870912	0	2927476736	1073741824	0	2147373056	536870912	0	4294959104	1073741824	0	4775469056
26	1540804608	536870912	0	2927988736	1073741824	0	2147409920	536870912	0	4294934528	1073741824	0	4775231488
27	1541296128	536870912	0	2928685056	1073741824	0	2147381248	536870912	0	4294967296	1073741824	0	4765786112
28	1541877760	536870912	0	2929590272	1073741824	0	2147389440	536870912	0	4294946816	1073741824	0	4764880896
29	1542520832	536870912	0	2930364416	1073741824	0	2147405824	536870912	0	4294946816	1073741824	0	4763303936
30	1543282688	536870912	0	2931085312	1073741824	0	2147414016	536870912	0	4294942720	1073741824	0	4762218496
31	1544089600	536870912	0	2931859456	1073741824	0	2147393536	536870912	0	4294918144	1073741824	0	4760252416
32	1544863744	536870912	0	2949242880	1073741824	0	2147397632	536870912	0	4294942720	1073741824	0	4742348800
33	1545601024	536870912	0	2972966912	1073741824	0	2147405824	536870912	0	4294942720	1073741824	0	4717907968
34	1546321920	536870912	0	3006730240	1073741824	0	2147414016	536870912	0	4294950912	1073741824	0	4683108352
35	1546702848	536870912	0	3052912640	1073741824	0	2147414016	536870912	0	4294955008	1073741824	0	4636065792
36	1547223040	536870912	0	3100495872	1073741824	0	2147418112	536870912	0	4294950912	1073741824	0	4588285952
37	1547796480	536870912	0	3101270016	1073741824	0	2147418112	536870912	0	4294946816	1073741824	0	4587024384
38	1548402688	536870912	0	3101913088	1073741824	0	2147475456	536870912	0	4294946816	1073741824	0	4585824256
39	1549262848	536870912	0	3102818304	1073741824	0	2147295232	536870912	0	4294946816	1073741824	0	4584517632
40	1549758464	536870912	0	3103694848	1073741824	0	2147471360	536870912	0	4294959104	1073741824	0	4574552064
41	1550655488	536870912	0	3104415744	1073741824	0	2147438592	536870912	0	4294946816	1073741824	0	4563447808
42	1551568896	536870912	0	3105320960	1073741824	0	2147442688	536870912	0	4294815744	1073741824	0	4562726912
43	1552220160	536870912	0	3105964032	1073741824	0	2147442688	536870912	0	4294946816	1073741824	0	4562034688
44	1553113088	536870912	0	3107119104	1073741824	0	2147446784	536870912	0	4294946816	1073741824	0	4560027648
45	1554280448	536870912	0	3107893248	1073741824	0	2147454976	536870912	0	4294946816	1073741824	0	4558368768
46	1555447808	536870912	0	3108929536	1073741824	0	2147454976	536870912	0	4294946816	1073741824	0	4555079680
47	1556615168	536870912	0	3110219776	1073741824	0	2147459072	536870912	0	4294946816	1073741824	0	4553510912
48	1557651456	536870912	0	3111305216	1073741824	0	2147459072	536870912	0	4294946816	1073741824	0	4549971968
49	1558650880	536870912	0	3112538112	1073741824	0	2147467264	536870912	0	4294950912	1073741824	0	4548411392
50	1559478272	536870912	0	3113369600	1073741824	0	2147467264	536870912	0	4294950912	1073741824	0	4546789376
51	1560182784	536870912	0	3113984000	1073741824	0	2147479552	536870912	0	4294950912	1073741824	0	4526931968
52	1561088000	536870912	0	3114713088	1073741824	0	1732415488	536870912	0	4294819840	1073741824	0	4954656768
53	1561862144	536870912	0	3115610112	1073741824	0	1732415488	536870912	0	4294946816	1073741824	0	4945657856
54	1562755072	536870912	0	3116326912	1073741824	0	1734512640	536870912	0	4294946816	1073741824	0	4880097280
55	1563660288	536870912	0	3116822528	1073741824	0	1734512640	536870912	0	4294955008	1073741824	0	4502351872
56	1564958720	536870912	0	3117334528	1073741824	0	1734512640	536870912	0	4294955008	1073741824	0	3958611968
57	1566519296	536870912	0	3117977600	1073741824	0	1734512640	536870912	0	4294955008	1073741824	0	3364859904
58	1568210944	536870912	0	3118882816	1073741824	0	1734512640	536870912	0	4294950912	1073741824	0	3362578432
59	1569902592	536870912	0	3119788032	1073741824	0	1734512640	536870912	0	4294950912	1073741824	0	3359428608
60	1571594240	536870912	0	3120693248	1073741824	0	1734512640	536870912	0	4294950912	1073741824	0	3356872704
61	1573138432	536870912	0	3121598464	1073741824	0	1734512640	536870912	0	4294950912	1073741824	0	3353403392
62	1574699008	536870912	0	3122372608	1073741824	0	1734512640	536870912	0	4294950912	1073741824	0	3350753280
63	1576390656	536870912	0	3123277824	1073741824	0	1734512640	536870912	0	4294950912	1073741824	0	3348176896
64	1578201088	536870912	0	3124428800	1073741824	0	1734512640	536870912	0	4294967296	1073741824	0	3345100800
65	1580023808	536870912	0	3125465088	1073741824	0	1734512640	536870912	0	4294950912	1073741824	0	3342536704
66	1581715456	536870912	0	3126501376	1073741824	0	1734512640	536870912	0	4294950912	1073741824	0	3339399168
67	1583538176	536870912	0	3127537664	1073741824	0	1734512640	536870912	0	4294950912	1073741824	0	3336818688
68	1585229824	536870912	0	3128442880	1073741824	0	1734512640	536870912	0	4294950912	1073741824	0	3333533696
69	1587052544	536870912	0	3129479168	1073741824	0	1734512640	536870912	0	4294950912	1073741824	0	3331379200
70	1588219904	536870912	0	3130384384	1073741824	0	1734512640	536870912	0	4294950912	1073741824	0	3329191936
71	1661607936	536870912	0	3131420672	1073741824	0	1734512640	536870912	0	4294955008	1073741824	0	3254394880
72	1727787008	536870912	0	3132289024	1073741824	0	1734512640	536870912	0	4294950912	1073741824	0	3183005696
73	1730134016	536870912	0	3133063168	1073741824	0	1734512640	536870912	0	4294950912	1073741824	0	3178229760
74	1754619904	536870912	0	3133558784	1073741824	0	1734512640	536870912	0	3490967552	1073741824	0	3473047552
75	1771909120	536870912	0	3134070784	1073741824	0	1734512640	536870912	0	3490967552	1073741824	0	3041390592
76	1794310144	536870912	0	3134844928	1073741824	0	1734512640	536870912	0	3490967552	1073741824	0	2349776896
77	1821822976	536870912	0	3135881216	1073741824	0	1734512640	536870912	0	3490967552	1073741824	0	2320519168
78	1853267968	536870912	0	3136917504	1073741824	0	1734512640	536870912	0	3490967552	1073741824	0	2286923776
79	1892577280	536870912	0	3138084864	1073741824	0	1734512640	536870912	0	3490967552	1073741824	0	2245271552
80	1943552000	536870912	0	3139121152	1073741824	0	1734512640	536870912	0	3490967552	1073741824	0	2191597568
81	1990856704	536870912	0	3140026368	1073741824	0	1734512640	536870912	0	3490967552	1073741824	0	2141601792
82	2032652288	536870912	0	3141324800	1073741824	0	1734512640	536870912	0	3490967552	1073741824	0	2097131520
83	2033557504	536870912	0	3141967872	1073741824	0	1734512640	536870912	0	3490967552	1073741824	0	2095947776
84	2034446336	536870912	0	3142987776	1073741824	0	1734512640	536870912	0	3490967552	1073741824	0	2093985792
85	2035613696	536870912	0	3144024064	1073741824	0	1734512640	536870912	0	3490967552	1073741824	0	2091237376
86	2036908032	536870912	0	3145191424	1073741824	0	1734512640	536870912	0	3490967552	1073741824	0	2089029632
87	2038075392	536870912	0	3146358784	1073741824	0	1734512640	536870912	0	3490967552	1073741824	0	2086518784
88	2039242752	536870912	0	3147788288	1073741824	0	1734512640	536870912	0	3490967552	1073741824	0	2083835904
89	2040541184	536870912	0	3148824576	1073741824	0	1734512640	536870912	0	3490967552	1073741824	0	2081468416
90	2041708544	536870912	0	3149991936	1073741824	0	1734512640	536870912	0	3490967552	1073741824	0	2079092736
91	2042744832	536870912	0	3151159296	1073741824	0	1734512640	536870912	0	3490967552	1073741824	0	2076057600
92	2044174336	536870912	0	3152228352	1073741824	0	1734512640	536870912	0	3490791424	1073741824	0	2060099584
93	2044948480	536870912	0	3152949248	1073741824	0	1734512640	536870912	0	3490791424	1073741824	0	1917124608
94	2045853696	536870912	0	3153592320	1073741824	0	1734512640	536870912	0	3490791424	1073741824	0	952516608
95	2046627840	536870912	0	3154366464	1073741824	0	1734512640	536870912	0	3490791424	1073741824	0	493580288
96	2047795200	536870912	0	3155402752	1073741824	0	1734512640	536870912	0	3490791424	1073741824	0	491384832
97	2048831488	536870912	0	3156307968	1073741824	0	1734512640	536870912	0	3490791424	1073741824	0	489472000
98	2049867776	536870912	0	3157344256	1073741824	0	1734512640	536870912	0	3490791424	1073741824	0	487178240
99	2051035136	536870912	0	3158511616	1073741824	0	1734512640	536870912	0	3490791424	1073741824	0	484839424
100	2051940352	536870912	0	3159547904	1073741824	0	1734512640	536870912	0	3490791424	1073741824	0	482390016
101	2053238784	536870912	0	3160584192	1073741824	0	1734512640	536870912	0	3490791424	1073741824	0	479277056
102	2054668288	536870912	0	3198337024	1073741824	0	1734512640	536870912	0	3492888576	1073741824	0	437624832
103	2056097792	536870912	0	3202129920	1073741824	0	1734512640	536870912	0	3492888576	1073741824	0	432439296
104	2057396224	536870912	0	3271323648	1073741824	0	1734512640	536870912	0	3492888576	1073741824	0	360144896
105	2058563584	536870912	0	3343794176	1073741824	0	1734512640	536870912	0	3492888576	1073741824	0	284487680
106	2059862016	536870912	0	3420459008	1073741824	0	1734512640	536870912	0	3492888576	1073741824	0	204386304
107	2060996608	536870912	0	3448184832	1073741824	70696960	1733804032	536870912	0	3491762176	1073741824	0	180899840
108	2058760192	536870912	0	3456163840	1073741824	278204416	1732489216	536870912	0	3489095680	1073741824	0	208031744
109	2023514112	536870912	0	3523244032	1073741824	278204416	1725038592	536870912	0	3467436032	1073741824	0	280903680
110	2024534016	536870912	0	3538042880	1073741824	278204416	1727135744	536870912	0	3467436032	1073741824	0	261967872
111	2026958848	536870912	0	3538030592	1073741824	278204416	1727135744	536870912	0	3467436032	1073741824	0	259096576
112	2028388352	536870912	0	3539329024	1073741824	278204416	1727135744	536870912	0	3467436032	1073741824	0	257097728
113	1988001792	536870912	0	3403227136	1073741824	429740032	1952899072	536870912	0	3441745920	1073741824	0	332746752
114	1958748160	536870912	0	3349712896	1073741824	429740032	2092412928	536870912	0	3421798400	1073741824	0	385040384
115	1966329856	536870912	0	3351273472	1073741824	429740032	2132332544	536870912	0	3421798400	1073741824	0	336220160
116	1969070080	536870912	0	3352518656	1073741824	429740032	2147446784	536870912	0	3421798400	1073741824	0	316022784
117	1970499584	536870912	0	3353989120	1073741824	429740032	2147438592	536870912	0	3421798400	1073741824	0	313839616
118	1972019200	536870912	0	3354587136	1073741824	429740032	2147467264	536870912	0	3421798400	1073741824	0	311406592
119	1974497280	536870912	0	3353755648	1073741824	429740032	2147348480	536870912	0	3421405184	1073741824	0	314007552
120	1975623680	536870912	0	3354701824	1073741824	429740032	2147336192	536870912	0	3421405184	1073741824	0	300900352
121	1976336384	536870912	0	3355570176	1073741824	429740032	2147336192	536870912	0	3421405184	1073741824	0	302411776
122	1973854208	536870912	0	3094773760	1073741824	1522933760	2147454976	536870912	0	3418800128	1073741824	0	248492032
123	1971896320	536870912	0	2723844096	1073741824	2744061952	2147475456	536870912	0	3416342528	1073741824	0	284852224
124	1966178304	536870912	30089216	2472919040	1073741824	3529031680	2147418112	536870912	0	3414622208	1073741824	0	226435072
125	1966592000	536870912	30089216	2375585792	1073741824	3883565056	2147323904	536870912	0	3413905408	1073741824	0	155414528
126	1929334784	536870912	85405696	2315223040	1073741824	4040970240	2122330112	536870912	58146816	3388399616	1073741824	34275328	160518144
127	1867059200	536870912	85405696	2213453824	1073741824	4155822080	2082766848	536870912	58146816	3335680000	1073741824	34275328	343638016
128	1875365888	536870912	85405696	2213707776	1073741824	4155822080	2083553280	536870912	58146816	3335680000	1073741824	34275328	335163392
129	1879924736	536870912	85405696	2216726528	1073741824	4155822080	2088804352	536870912	58146816	3335172096	1073741824	34275328	328466432
130	1884631040	536870912	85405696	2228379648	1073741824	4155822080	2106892288	536870912	58146816	3335172096	1073741824	34275328	292696064
131	1888014336	536870912	85405696	2238459904	1073741824	4155822080	2123800576	536870912	58146816	3335172096	1073741824	34275328	262184960
132	1886683136	536870912	85405696	2243956736	1073741824	4155822080	2140561408	536870912	58146816	3413254144	1073741824	34275328	163889152
133	1845538816	536870912	85405696	2138230784	1073741824	4475645952	2141843456	536870912	61366272	3601530880	1073741824	34275328	219287552
134	1843732480	536870912	85405696	2028830720	1073741824	4993474560	2020716544	536870912	452677632	3808780288	1073741824	34275328	251187200
135	1843589120	536870912	85405696	1971019776	1073741824	5253124096	1937858560	536870912	689754112	3980750848	1073741824	34275328	222629888
136	1844051968	536870912	85405696	1911517184	1073741824	5443051520	1914695680	536870912	748969984	4095836160	1073741824	34275328	191758336
137	1844830208	536870912	85405696	1870094336	1073741824	5558853632	1898070016	536870912	807149568	4162875392	1073741824	34275328	182534144
138	1845022720	536870912	85405696	1833107456	1073741824	5680570368	1876967424	536870912	913874944	4205199360	1073741824	34275328	199004160
139	1842061312	536870912	85405696	1833754624	1073741824	5680570368	1854017536	536870912	1023426560	4236283904	1073741824	34275328	205406208
140	1818136576	536870912	172208128	1832132608	1073741824	5710028800	1848909824	536870912	1082892288	4263919616	1073741824	34275328	214286336
141	1819074560	536870912	172208128	1838108672	1073741824	5710028800	1861885952	536870912	1082892288	4281704448	1073741824	34275328	176553984
142	1787662336	536870912	172208128	1815068672	1073741824	5710028800	1747984384	536870912	1082892288	4275154944	1073741824	34275328	402923520
143	1788567552	536870912	172208128	1822650368	1073741824	5710028800	1767383040	536870912	1082892288	4294955008	1073741824	34275328	351117312
144	1799553024	536870912	172208128	1827295232	1073741824	5710028800	1778913280	536870912	1082892288	4294959104	1073741824	34275328	325300224
145	1759715328	536870912	272551936	1789161472	1073741824	5736476672	1775452160	536870912	1082892288	4272766976	1073741824	34275328	197451776
146	1689579520	536870912	490070016	1699737600	1073741824	6059053056	1680826368	536870912	1383739392	4258312192	1073741824	34275328	165634048
147	1586315264	536870912	664088576	1604595712	1073741824	6201962496	1577385984	536870912	1449242624	4175069184	1073741824	34275328	198295552
148	1485680640	536870912	859533312	1479688192	1073741824	6479179776	1502777344	536870912	1701527552	4147593216	1073741824	34275328	280088576
149	1485668352	536870912	859533312	1479688192	1073741824	6479179776	1502781440	536870912	1701527552	4157685760	1073741824	34275328	270258176
150	1496928256	536870912	859533312	1484640256	1073741824	6479179776	1510617088	536870912	1701527552	4169089024	1073741824	34275328	236539904
151	1516240896	536870912	859533312	1492262912	1073741824	6479179776	1526607872	536870912	1701527552	4180406272	1073741824	34275328	182480896
152	1501913088	536870912	859533312	1456570368	1073741824	6479179776	1539452928	536870912	1701527552	4073476096	1073741824	34275328	435261440
153	1528246272	536870912	859533312	1464160256	1073741824	6479179776	1553870848	536870912	1701527552	4096544768	1073741824	34275328	362029056
154	1557069824	536870912	859533312	1471619072	1073741824	6479179776	1568944128	536870912	1701527552	4120793088	1073741824	34275328	284893184
155	1557893120	536870912	859533312	1471926272	1073741824	6479179776	1569148928	536870912	1701527552	4154871808	1073741824	34275328	249282560
156	1577934848	536870912	859533312	1476501504	1073741824	6479179776	1578717184	536870912	1701527552	4185059328	1073741824	34275328	183803904
157	1566453760	536870912	859533312	1441628160	1073741824	6479179776	1585815552	536870912	1701527552	4179664896	1073741824	34275328	331587584
158	1581121536	536870912	859533312	1444761600	1073741824	6479179776	1591713792	536870912	1701527552	4199849984	1073741824	34275328	286990336
159	1581109248	536870912	859533312	1444749312	1073741824	6479179776	1591713792	536870912	1701527552	4210335744	1073741824	34275328	276480000
160	1584852992	536870912	859533312	1445048320	1073741824	6479179776	1592369152	536870912	1701527552	4226981888	1073741824	34275328	254930944
161	1584955392	536870912	859533312	1445068800	1073741824	6479179776	1592369152	536870912	1701527552	4262109184	1073741824	34275328	219639808
162	1588744192	536870912	859533312	1446236160	1073741824	6479179776	1594597376	536870912	1701527552	4294963200	1073741824	34275328	179257344
163	1565687808	536870912	859533312	1413738496	1073741824	6479179776	1605869568	536870912	1701527552	4283199488	1073741824	34275328	328486912
164	1598050304	536870912	859533312	1419866112	1073741824	6479179776	1621073920	536870912	1701527552	4294967296	1073741824	34275328	256856064
165	1634869248	536870912	859533312	1425256448	1073741824	6479179776	1633980416	536870912	1701527552	4294852608	1073741824	34275328	191787008
166	1643343872	536870912	897966080	1428365312	1073741824	6479179776	1620070400	536870912	1790414848	4294856704	1073741824	34275328	199454720
167	1518190592	536870912	1374199808	1425747968	1073741824	6479179776	1519570944	536870912	2184974336	4293894144	1073741824	34275328	169635840
168	1411878912	536870912	1638555648	1377599488	1073741824	6599979008	1423302656	536870912	2461151232	4205359104	1073741824	34275328	209870848
169	1251831808	536870912	2276003840	1308901376	1073741824	6823313408	1321996288	536870912	2863349760	4219142144	1073741824	34275328	162844672
170	1147809792	536870912	2562400256	1224171520	1073741824	6943551488	1253548032	536870912	3043078144	4156166144	1073741824	61931520	164552704
171	1117130752	536870912	2738671616	1203306496	1073741824	7009034240	1222754304	536870912	3123916800	4160921600	1073741824	61931520	200364032
172	1118175232	536870912	2738671616	1203589120	1073741824	7009034240	1223307264	536870912	3123916800	4168974336	1073741824	61931520	190795776
173	1121181696	536870912	2765729792	1204469760	1073741824	7009034240	1194418176	536870912	3217321984	4177551360	1073741824	61931520	206028800
174	1128116224	536870912	2765729792	1212469248	1073741824	7009034240	1158479872	536870912	3264675840	4185022464	1073741824	61931520	220467200
175	1081622528	536870912	2765729792	1168330752	1073741824	7009034240	1172897792	536870912	3264675840	4135858176	1073741824	61931520	478580736
176	1086873600	536870912	2765729792	1173184512	1073741824	7009034240	1176436736	536870912	3264675840	4144115712	1073741824	61931520	457400320
177	1108357120	536870912	2765729792	1194840064	1073741824	7009034240	1192034304	536870912	3264675840	4161286144	1073741824	61931520	378810368
178	1129316352	536870912	2765729792	1219600384	1073741824	7009034240	1208287232	536870912	3264675840	4181471232	1073741824	61931520	292876288
179	1129623552	536870912	2765729792	1219850240	1073741824	7009034240	1208418304	536870912	3264675840	4183781376	1073741824	61931520	289513472
180	1156874240	536870912	2765729792	1246175232	1073741824	7009034240	1226113024	536870912	3264675840	4203573248	1073741824	61931520	193921024
181	1165361152	536870912	2848423936	1242849280	1073741824	7075696640	1219473408	536870912	3309334528	4219572224	1073741824	61931520	176443392
182	1176756224	536870912	2848423936	1212018688	1073741824	7231602688	1224900608	536870912	3321700352	4231008256	1073741824	61931520	177700864
183	1080401920	536870912	2848423936	1161011200	1073741824	7231602688	1198465024	536870912	3441000448	4091822080	1073741824	61931520	625045504
184	1080881152	536870912	2848423936	1161261056	1073741824	7231602688	1198727168	536870912	3441000448	4096147456	1073741824	61931520	619966464
185	1080868864	536870912	2848423936	1161248768	1073741824	7231602688	1198628864	536870912	3441000448	4096147456	1073741824	61931520	619905024
186	1091080192	536870912	2848423936	1170264064	1073741824	7231602688	1204920320	536870912	3441000448	4105105408	1073741824	61931520	585232384
187	1114791936	536870912	2848423936	1191170048	1073741824	7231602688	1222483968	536870912	3441000448	4124766208	1073741824	61931520	491266048
188	1138700288	536870912	2848423936	1210335232	1073741824	7231602688	1238867968	536870912	3441000448	4141637632	1073741824	61931520	408072192
189	1150222336	536870912	2848423936	1221386240	1073741824	7231602688	1247649792	536870912	3441000448	4155113472	1073741824	61931520	357105664
190	1152655360	536870912	2848423936	1236070400	1073741824	7231602688	1257848832	536870912	3441000448	4172001280	1073741824	61931520	274313216
191	1083912192	536870912	2848423936	1175355392	1073741824	7231602688	1238933504	536870912	3500392448	4109144064	1073741824	61931520	250593280
192	1060843520	536870912	2991775744	1098485760	1073741824	7598788608	1083932672	536870912	3825143808	4112736256	1073741824	61931520	182751232
193	1011097600	536870912	3198906368	1054523392	1073741824	7783976960	998961152	536870912	3953184768	4060602368	1073741824	214466560	188583936
194	976109568	536870912	3284500480	996196352	1073741824	7999361024	931475456	536870912	4023664640	3950260224	1073741824	623050752	199921664
195	913522688	536870912	3386273792	935301120	1073741824	8131887104	801898496	536870912	4196958208	3862933504	1073741824	811069440	313753600
196	913510400	536870912	3386273792	935301120	1073741824	8131887104	802029568	536870912	4196958208	3862933504	1073741824	811069440	313999360
197	913629184	536870912	3386273792	935936000	1073741824	8131887104	802320384	536870912	4196958208	3863445504	1073741824	811069440	313778176
198	913747968	536870912	3386273792	936054784	1073741824	8131887104	802320384	536870912	4196958208	3863445504	1073741824	811069440	313663488
199	913735680	536870912	3386273792	936165376	1073741824	8131887104	802320384	536870912	4196958208	3863437312	1073741824	811069440	313454592
200	915427328	536870912	3386273792	940478464	1073741824	8131887104	806334464	536870912	4196958208	3866845184	1073741824	811069440	301944832
201	921051136	536870912	3386273792	958857216	1073741824	8131887104	823898112	536870912	4196958208	3882442752	1073741824	811069440	244498432
202	926281728	536870912	3386273792	978505728	1073741824	8131887104	841986048	536870912	4196958208	3898519552	1073741824	811069440	183349248
203	886677504	536870912	3386273792	955129856	1073741824	8131887104	860860416	536870912	4196958208	3865874432	1073741824	811069440	362196992
204	891121664	536870912	3386273792	978763776	1073741824	8131887104	879210496	536870912	4196958208	3881996288	1073741824	811069440	296685568
205	895959040	536870912	3386273792	1002999808	1073741824	8131887104	897822720	536870912	4196958208	3899559936	1073741824	811069440	228757504
206	861093888	536870912	3386273792	985030656	1073741824	8131887104	917221376	536870912	4196958208	3870212096	1073741824	811069440	386445312
207	865538048	536870912	3386273792	1011625984	1073741824	8131887104	937406464	536870912	4196958208	3887906816	1073741824	811069440	315211776
208	866312192	536870912	3386273792	1015545856	1073741824	8131887104	940683264	536870912	4196958208	3890921472	1073741824	811069440	303190016
209	869445632	536870912	3386273792	1037320192	1073741824	8131887104	955232256	536870912	4196958208	3904598016	1073741824	811069440	247234560
210	872488960	536870912	3386273792	1059745792	1073741824	8131887104	970690560	536870912	4196958208	3916824576	1073741824	811069440	260628480
211	841535488	536870912	3386273792	1038069760	1073741824	8131887104	982908928	536870912	4196958208	3892342784	1073741824	811069440	271421440
212	812912640	536870912	3514675200	924147712	1073741824	8659988480	908636160	536870912	4430974976	3855433728	1073741824	915308544	160645120
213	792911872	536870912	3579842560	886374400	1073741824	8783368192	873644032	536870912	4506750976	3800797184	1073741824	1076416512	171745280
214	781553664	536870912	3638693888	832180224	1073741824	8967856128	810770432	536870912	4678434816	3625107456	1073741824	1502367744	191725568
215	746631168	536870912	3737653248	786501632	1073741824	9171304448	751644672	536870912	4781854720	3445121024	1073741824	1887363072	176013312
216	734113792	536870912	3774406656	777158656	1073741824	9206534144	731623424	536870912	4826644480	3411537920	1073741824	1972617216	253358080
217	734101504	536870912	3774406656	777146368	1073741824	9206534144	731623424	536870912	4826644480	3411537920	1073741824	1972617216	253456384
218	734089216	536870912	3774406656	777125888	1073741824	9206534144	731623424	536870912	4826644480	3411537920	1073741824	1972617216	253456384
219	734076928	536870912	3774406656	777113600	1073741824	9206534144	731623424	536870912	4826644480	3411537920	1073741824	1972617216	253562880
220	734064640	536870912	3774406656	777101312	1073741824	9206534144	731623424	536870912	4826644480	3411537920	1073741824	1972617216	253546496
221	736673792	536870912	3774406656	784691200	1073741824	9206534144	737062912	536870912	4826644480	3416432640	1073741824	1972617216	235057152
222	743141376	536870912	3774406656	788873216	1073741824	9296310272	753053696	536870912	4826644480	3431522304	1073741824	1972617216	191262720
223	691294208	536870912	3774406656	719859712	1073741824	9376935936	765558784	536870912	4826644480	3333496832	1073741824	1972617216	567468032
224	697966592	536870912	3774406656	745013248	1073741824	9376935936	788627456	536870912	4826644480	3301068800	1073741824	1972617216	542420992
225	703983616	536870912	3774406656	768249856	1073741824	9376935936	807632896	536870912	4826644480	3318370304	1073741824	1972617216	475344896
226	708952064	536870912	3774406656	789995520	1073741824	9376935936	824934400	536870912	4826644480	3335540736	1073741824	1972617216	411832320
227	713199616	536870912	3774406656	812003328	1073741824	9376935936	841973760	536870912	4826644480	3351662592	1073741824	1972617216	349962240
228	717496320	536870912	3774406656	834265088	1073741824	9376935936	857571328	536870912	4826644480	3366604800	1073741824	1972617216	290172928
229	722071552	536870912	3774406656	857415680	1073741824	9376935936	874217472	536870912	4826644480	3383222272	1073741824	1972617216	226332672
230	682749952	536870912	3774406656	812879872	1073741824	9376935936	889479168	536870912	4826644480	3341864960	1073741824	1972617216	490721280
231	686415872	536870912	3774406656	829771776	1073741824	9376935936	903766016	536870912	4826644480	3356626944	1073741824	1972617216	430821376
232	689041408	536870912	3774406656	842801152	1073741824	9376935936	913510400	536870912	4826644480	3364962304	1073741824	1972617216	303443968
233	668114944	536870912	3892862976	767356928	1073741824	9754783744	742342656	536870912	5237030912	3363442688	1073741824	1972617216	163377152
234	598122496	536870912	3957350400	674611200	1073741824	9850187776	684945408	536870912	5332213760	3228246016	1073741824	2177724416	164048896
235	551133184	536870912	4115546112	554328064	1073741824	10262396928	530386944	536870912	5559013376	3200839680	1073741824	2350661632	181555200
236	509542400	536870912	4251361280	508678144	1073741824	10415542272	393531392	536870912	5717159936	3199827968	1073741824	2350661632	239972352
237	509825024	536870912	4251361280	508928000	1073741824	10415542272	393662464	536870912	5717159936	3200118784	1073741824	2350661632	239808512
238	514400256	536870912	4251361280	517292032	1073741824	10415542272	400269312	536870912	5717159936	3206467584	1073741824	2350661632	214278144
239	487157760	536870912	4251361280	479240192	1073741824	10415542272	417034240	536870912	5717159936	3165556736	1073741824	2350661632	472625152
240	493436928	536870912	4251361280	503578624	1073741824	10415542272	436170752	536870912	5717159936	3183665152	1073741824	2350661632	402190336
241	499322880	536870912	4251361280	527441920	1073741824	10415542272	454520832	536870912	5717159936	3201097728	1073741824	2350661632	335048704
242	505470976	536870912	4251361280	555085824	1073741824	10415542272	475492352	536870912	5717159936	3220496384	1073741824	2350661632	259436544
243	509784064	536870912	4251361280	573947904	1073741824	10415542272	490434560	536870912	5717159936	3234177024	1073741824	2350661632	206737408
244	511569920	536870912	4251361280	583815168	1073741824	10415542272	499490816	536870912	5717159936	3239825408	1073741824	2350661632	210534400
245	499744768	536870912	4251361280	560455680	1073741824	10415542272	515469312	536870912	5717159936	3197493248	1073741824	2350661632	358518784
246	505237504	536870912	4251361280	585740288	1073741824	10415542272	535130112	536870912	5717159936	3216629760	1073741824	2350661632	287444992
247	510599168	536870912	4251361280	609845248	1073741824	10415542272	554135552	536870912	5717159936	3234324480	1073741824	2350661632	219586560
248	513138688	536870912	4251361280	623820800	1073741824	10415542272	567349248	536870912	5717159936	3242352640	1073741824	2350661632	192942080
249	510038016	536870912	4251361280	610492416	1073741824	10415542272	585244672	536870912	5717159936	3235176448	1073741824	2350661632	283762688
250	528244736	536870912	4251361280	625287168	1073741824	10415542272	602533888	536870912	5717159936	3250442240	1073741824	2350661632	217190400
251	538009600	536870912	4251361280	605487104	1073741824	10415542272	620068864	536870912	5717159936	3248058368	1073741824	2350661632	300707840
252	550449152	536870912	4251361280	609603584	1073741824	10415542272	630812672	536870912	5717159936	3258114048	1073741824	2350661632	261455872
253	570228736	536870912	4251361280	615010304	1073741824	10415542272	646279168	536870912	5717159936	3271720960	1073741824	2350661632	192520192
254	566484992	536870912	4251361280	605188096	1073741824	10415542272	656736256	536870912	5717159936	3268517888	1073741824	2350661632	237473792
255	575520768	536870912	4251361280	606302208	1073741824	10415542272	670760960	536870912	5717159936	3276574720	1073741824	2350661632	215052288
256	589824000	536870912	4251361280	609296384	1073741824	10415542272	683266048	536870912	5717159936	3284926464	1073741824	2350661632	201850880
257	588947456	536870912	4251361280	608055296	1073741824	10415542272	691978240	536870912	5717159936	3286499328	1073741824	2350661632	226209792
258	590422016	536870912	4251361280	609816576	1073741824	10415542272	702574592	536870912	5717159936	3290722304	1073741824	2350661632	246935552
259	557109248	536870912	4368367616	533274624	1073741824	10539737088	582406144	536870912	5941239808	3292835840	1073741824	2350661632	156577792
260	472621056	536870912	4555857920	442978304	1073741824	10729144320	510177280	536870912	6462500864	3249582080	1073741824	2547818496	164560896
261	295608320	536870912	4828078080	294985728	1073741824	10920697856	370417664	536870912	7677755392	3249180672	1073741824	2547818496	187187200
262	192053248	536870912	4921982976	247746560	1073741824	11086221312	267825152	536870912	8476229632	3247443968	1073741824	2547818496	161513472
263	180551680	536870912	4965089280	228319232	1073741824	11223080960	230608896	536870912	8785330176	3247587328	1073741824	2547818496	199512064
264	180551680	536870912	4965089280	228450304	1073741824	11223080960	231116800	536870912	8785330176	3247546368	1073741824	2547818496	198594560
265	174444544	536870912	4965089280	232198144	1073741824	11223080960	232935424	536870912	8785330176	3252944896	1073741824	2547818496	224854016
266	192917504	536870912	4965089280	240795648	1073741824	11223080960	243482624	536870912	8785330176	3260923904	1073741824	2547818496	197382144
267	207945728	536870912	4965089280	250462208	1073741824	11223080960	219029504	536870912	8785330176	3269967872	1073741824	2547818496	201076736
268	222773248	536870912	4965089280	258961408	1073741824	11223080960	234332160	536870912	8785330176	3276070912	1073741824	2547818496	187887616
269	244113408	536870912	4965089280	208654336	1073741824	11310047232	251142144	536870912	8785330176	3287474176	1073741824	2547818496	188243968
270	258318336	536870912	4965089280	219701248	1073741824	11310047232	226480128	536870912	8854073344	3294801920	1073741824	2547818496	209670144
271	271736832	536870912	4965089280	229089280	1073741824	11310047232	243687424	536870912	8854073344	3301646336	1073741824	2547818496	184160256
272	256401408	536870912	5059608576	228847616	1073741824	11338006528	208744448	536870912	8960532480	3304660992	1073741824	2547818496	230567936
273	277635072	536870912	5059608576	234123264	1073741824	11338006528	227598336	536870912	8991764480	3316572160	1073741824	2547818496	186593280
274	288182272	536870912	5059608576	240504832	1073741824	11338006528	242368512	536870912	8991764480	3322331136	1073741824	2547818496	188817408
275	269484032	536870912	5237530624	250265600	1073741824	11338006528	193536000	536870912	9101504512	3335901184	1073741824	2547818496	231772160
276	258834432	536870912	5382184960	236351488	1073741824	11373326336	204304384	536870912	9157320704	3349782528	1073741824	2547818496	229998592
277	248832000	536870912	5530804224	237096960	1073741824	11386662912	215302144	536870912	9213345792	3362455552	1073741824	2547818496	208982016
278	236150784	536870912	5717557248	233861120	1073741824	11413159936	195198976	536870912	9296420864	3374034944	1073741824	2547818496	204742656
279	240107520	536870912	5717557248	233193472	1073741824	11413159936	209375232	536870912	9296420864	3362242560	1073741824	2547818496	213327872
280	165236736	536870912	5981069312	150441984	1073741824	11576446976	102457344	536870912	9443688448	3331194880	1073741824	2645450752	188194816
281	28987392	536870912	6324334592	25124864	1073741824	11781763072	46153728	536870912	9942245376	3302662144	1073741824	2722566144	194428928
282	5464064	536870912	6397689856	8994816	1073741824	11846504448	33009664	536870912	10051989504	3176853504	1073741824	2924699648	158461952
283	7454720	536870912	6441787392	2412544	1073741824	11930259456	14757888	536870912	10215911424	2951131136	1073741824	3158634496	166531072
284	2822144	536870912	6469808128	1634304	1073741824	11956420608	2797568	536870912	10250911744	2711117824	1073741824	3276582912	339832832
285	1597440	536870912	6496800768	1736704	1073741824	11959279616	1191936	536870912	10278215680	2469806080	1073741824	3505508352	386220032
286	5922816	536870912	6496800768	3178496	1073741824	11959279616	1454080	536870912	10278215680	2332459008	1073741824	3777593344	354553856
287	5959680	536870912	6496800768	3178496	1073741824	11959279616	1454080	536870912	10278215680	2332332032	1073741824	3777593344	354365440
288	6090752	536870912	6496800768	3178496	1073741824	11959279616	1454080	536870912	10278215680	2332332032	1073741824	3777593344	354107392
289	6041600	536870912	6496800768	3133440	1073741824	11959279616	1454080	536870912	10278215680	2332241920	1073741824	3777593344	354205696
290	6041600	536870912	6496800768	3133440	1073741824	11959279616	1454080	536870912	10278215680	2332241920	1073741824	3777593344	354271232
291	6041600	536870912	6496800768	3133440	1073741824	11959279616	1454080	536870912	10278215680	2332241920	1073741824	3777593344	354140160
292	41095168	536870912	6496800768	16019456	1073741824	11959279616	19734528	536870912	10278215680	2348240896	1073741824	3777593344	266686464
293	68608000	536870912	6496800768	34226176	1073741824	11959279616	40574976	536870912	10278215680	2366984192	1073741824	3777593344	178941952
294	60624896	536870912	6729986048	46428160	1073741824	11959279616	39555072	536870912	10306322432	2382802944	1073741824	3803877376	183881728
295	52670464	536870912	6899204096	42364928	1073741824	12044165120	56053760	536870912	10306322432	2396270592	1073741824	3803877376	186703872
296	70811648	536870912	6953676800	34910208	1073741824	12118663168	63135744	536870912	10344464384	2406752256	1073741824	3803877376	173490176
297	83013632	536870912	7010340864	41074688	1073741824	12118663168	63262720	536870912	10407100416	2413920256	1073741824	3803877376	163459072
298	88547328	536870912	7117963264	41144320	1073741824	12145397760	57442304	536870912	10487681024	2372567040	1073741824	3882504192	209571840
299	72073216	536870912	7270268928	47329280	1073741824	12145397760	66670592	536870912	10487681024	2381742080	1073741824	3882504192	170475520
300	69951488	536870912	7382941696	37359616	1073741824	12179595264	42987520	536870912	10563891200	2395635712	1073741824	3882504192	600530944
301	84164608	536870912	7382941696	37478400	1073741824	12179595264	53919744	536870912	10563891200	2407694336	1073741824	3882504192	1800355840
302	97914880	536870912	7382941696	37466112	1073741824	12179595264	64024576	536870912	10563891200	2418573312	1073741824	3882504192	3042578432
303	113238016	536870912	7382941696	38371328	1073741824	12179595264	73764864	536870912	10563891200	2428928000	1073741824	3882504192	4270321664
304	126595072	536870912	7382941696	38621184	1073741824	12179595264	83181568	536870912	10563891200	2438758400	1073741824	3882504192	5758787584
305	140345344	536870912	7382941696	38608896	1073741824	12179595264	92880896	536870912	10563891200	2449244160	1073741824	3882504192	7049703424
306	154619904	536870912	7382941696	38727680	1073741824	12179595264	102440960	536870912	10563891200	2459336704	1073741824	3882504192	8377860096
307	169287680	536870912	7382941696	38715392	1073741824	12179595264	112222208	536870912	10563891200	2469822464	1073741824	3882504192	9653379072
308	183693312	536870912	7382941696	38703104	1073741824	12179595264	123719680	536870912	10563891200	2482274304	1073741824	3882504192	10780626944
309	198754304	536870912	7382941696	38690816	1073741824	12179595264	133849088	536870912	10563891200	2493153280	1073741824	3882504192	12056186880
310	214732800	536870912	7382941696	46280704	1073741824	12179595264	144400384	536870912	10563891200	2504163328	1073741824	3882504192	13284864000
311	231088128	536870912	7382941696	61079552	1073741824	12179595264	154963968	536870912	10563891200	2515050496	1073741824	3882504192	14415282176
312	246460416	536870912	7382941696	76009472	1073741824	12179595264	165187584	536870912	10563891200	2525536256	1073741824	3882504192	15587278848
313	261906432	536870912	7382941696	90144768	1073741824	12179595264	174886912	536870912	10563891200	2535890944	1073741824	3882504192	16735739904
314	290861056	536870912	7382941696	117919744	1073741824	12179595264	194285568	536870912	10563891200	2555158528	1073741824	3882504192	16853069824
315	322043904	536870912	7382941696	148054016	1073741824	12179595264	214470656	536870912	10563891200	2575106048	1073741824	3882504192	16747757568
316	352702464	536870912	7382941696	177532928	1073741824	12179595264	232558592	536870912	10563891200	2594242560	1073741824	3882504192	16645931008
317	380739584	536870912	7382941696	204779520	1073741824	12179595264	250253312	536870912	10563891200	2611937280	1073741824	3882504192	16552038400
318	413233152	536870912	7382941696	235831296	1073741824	12179595264	270438400	536870912	10563891200	2632122368	1073741824	3882504192	16443273216
319	445464576	536870912	7382941696	266752000	1073741824	12179595264	290885632	536870912	10563891200	2652176384	1073741824	3882504192	16334946304
320	470224896	536870912	7382941696	295182336	1073741824	12179595264	308580352	536870912	10563891200	2670252032	1073741824	3882504192	16241430528
321	470212608	536870912	7382941696	296218624	1073741824	12179595264	309223424	536870912	10563891200	2670866432	1073741824	3882504192	16238624768
322	470589440	536870912	7382941696	311590912	1073741824	12179595264	318660608	536870912	10563891200	2681090048	1073741824	3882504192	16201682944
323	470700032	536870912	7382941696	343179264	1073741824	12179595264	338800640	536870912	10563891200	2702061568	1073741824	3882504192	16125886464
324	470687744	536870912	7382941696	368726016	1073741824	12179595264	354136064	536870912	10563891200	2718707712	1073741824	3882504192	16065433600
325	470675456	536870912	7382941696	397025280	1073741824	12179595264	370257920	536870912	10563891200	2736926720	1073741824	3882504192	15999148032
326	470663168	536870912	7382941696	426373120	1073741824	12179595264	386904064	536870912	10563891200	2756063232	1073741824	3882504192	15930585088
327	470650880	536870912	7382941696	455327744	1073741824	12179595264	400666624	536870912	10563891200	2774937600	1073741824	3882504192	15865376768
328	470638592	536870912	7382941696	485462016	1073741824	12179595264	412069888	536870912	10563891200	2793287680	1073741824	3882504192	15800393728
329	470626304	536870912	7382941696	514547712	1073741824	12179595264	422948864	536870912	10563891200	2811375616	1073741824	3882504192	15737630720
330	470609920	536870912	7382941696	526241792	1073741824	12179595264	427515904	536870912	10563891200	2818715648	1073741824	3882504192	15695249408
331	487301120	536870912	7382941696	557322240	1073741824	12179595264	447492096	536870912	10563891200	2837704704	1073741824	3882504192	15582924800
332	521101312	536870912	7382941696	592175104	1073741824	12179595264	468332544	536870912	10563891200	2858020864	1073741824	3882504192	15465635840
333	554786816	536870912	7382941696	626102272	1073741824	12179595264	489041920	536870912	10563891200	2877812736	1073741824	3882504192	15350333440
334	588996608	536870912	7382941696	659644416	1073741824	12179595264	509489152	536870912	10563891200	2897866752	1073741824	3882504192	15235186688
335	623337472	536870912	7382941696	693710848	1073741824	12179595264	529936384	536870912	10563891200	2917527552	1073741824	3882504192	15118258176
336	664625152	536870912	7382941696	725549056	1073741824	12179595264	549072896	536870912	10563891200	2935353344	1073741824	3882504192	15001206784
337	709844992	536870912	7382941696	758304768	1073741824	12179595264	568471552	536870912	10563891200	2953441280	1073741824	3882504192	14877999104
338	723689472	536870912	7382941696	771006464	1073741824	12179595264	576073728	536870912	10563891200	2960519168	1073741824	3882504192	14833393664
339	725217280	536870912	7382941696	779513856	1073741824	12179595264	580792320	536870912	10563891200	2965106688	1073741824	3882504192	14812569600
340	746827776	536870912	7382941696	813547520	1073741824	12179595264	601894912	536870912	10563891200	2984243200	1073741824	3882504192	14709305344
341	0	536870912	7382941696	847134720	1073741824	12179595264	622362624	536870912	10563891200	3003031552	1073741824	3882504192	15060680704
342	0	536870912	7382941696	882425856	1073741824	12179595264	641679360	536870912	10563891200	3021418496	1073741824	3882504192	14955319296
343	0	536870912	7382941696	910815232	1073741824	12179595264	661602304	536870912	10563891200	3039899648	1073741824	3882504192	14884069376
344	0	536870912	7382941696	912109568	1073741824	12179595264	665534464	536870912	10563891200	3043962880	1073741824	3882504192	14873890816
345	0	536870912	7382941696	912109568	1073741824	12179595264	665534464	536870912	10563891200	3043962880	1073741824	3882504192	14873956352
346	0	536870912	7382941696	912109568	1073741824	12179595264	665534464	536870912	10563891200	3043962880	1073741824	3882504192	14873759744
347	0	536870912	7382941696	912109568	1073741824	12179595264	665534464	536870912	10563891200	3043962880	1073741824	3882504192	14873825280
348	0	536870912	7382941696	913915904	1073741824	12179595264	681394176	536870912	10563891200	3060232192	1073741824	3882504192	14837526528
349	0	536870912	7382941696	926679040	1073741824	12179595264	699875328	536870912	10563891200	3078639616	1073741824	3882504192	14784536576
350	0	536870912	7382941696	946995200	1073741824	12179595264	720977920	536870912	10563891200	3098300416	1073741824	3882504192	14718558208
351	0	536870912	7382941696	964952064	1073741824	12179595264	740507648	536870912	10563891200	3116519424	1073741824	3882504192	14658588672
352	0	536870912	7382941696	0	1073741824	12179595264	759177216	536870912	10563891200	3133796352	1073741824	3882504192	15239798784
353	0	536870912	7382941696	0	1073741824	12179595264	776249344	536870912	10563891200	3150745600	1073741824	3882504192	15204241408
354	0	536870912	7382941696	0	1073741824	12179595264	793681920	536870912	10563891200	3168964608	1073741824	3882504192	15167176704
355	0	536870912	7382941696	0	1073741824	12179595264	811769856	536870912	10563891200	3187707904	1073741824	3882504192	15128547328
356	0	536870912	7382941696	0	1073741824	12179595264	830775296	536870912	10563891200	3208417280	1073741824	3882504192	15086829568
357	0	536870912	7382941696	0	1073741824	12179595264	280457216	536870912	10563891200	3225800704	1073741824	3882504192	15649386496
358	0	536870912	7382941696	0	1073741824	12179595264	293957632	536870912	10563891200	3241660416	1073741824	3882504192	15617912832
359	0	536870912	7382941696	0	1073741824	12179595264	307851264	536870912	10563891200	3256471552	1073741824	3882504192	15586328576
360	0	536870912	7382941696	0	1073741824	12179595264	323186688	536870912	10563891200	3273379840	1073741824	3882504192	15551045632
361	0	536870912	7382941696	0	1073741824	12179595264	337735680	536870912	10563891200	3289894912	1073741824	3882504192	15517003776
362	0	536870912	7382941696	0	1073741824	12179595264	342978560	536870912	10563891200	3295924224	1073741824	3882504192	15504621568
363	0	536870912	7382941696	0	1073741824	12179595264	352284672	536870912	10563891200	3306672128	1073741824	3882504192	15482941440
364	0	536870912	7382941696	0	1073741824	12179595264	366047232	536870912	10563891200	3322138624	1073741824	3882504192	15451213824
365	0	536870912	7382941696	0	1073741824	12179595264	380727296	536870912	10563891200	3338522624	1073741824	3882504192	15416385536
366	0	536870912	7382941696	0	1073741824	12179595264	396849152	536870912	10563891200	3355430912	1073741824	3882504192	15380467712
367	0	536870912	7382941696	0	1073741824	12179595264	0	536870912	10563891200	3369259008	1073741824	3882504192	15811022848
368	0	536870912	7382941696	0	1073741824	12179595264	0	536870912	10563891200	2030211072	1073741824	3882504192	17176891392
369	0	536870912	7382941696	0	1073741824	12179595264	0	536870912	10563891200	2041352192	1073741824	3882504192	17164132352
370	0	536870912	7382941696	0	1073741824	12179595264	0	536870912	10563891200	2051706880	1073741824	3882504192	17152225280
371	0	536870912	7382941696	0	1073741824	12179595264	0	536870912	10563891200	2062848000	1073741824	3882504192	17139175424
372	0	536870912	7382941696	0	1073741824	12179595264	0	536870912	10563891200	2073989120	1073741824	3882504192	17126449152
373	0	536870912	7382941696	0	1073741824	12179595264	0	536870912	10563891200	2084212736	1073741824	3882504192	17115213824
374	0	536870912	7382941696	0	1073741824	12179595264	0	536870912	10563891200	2095616000	1073741824	3882504192	17102098432
375	0	536870912	7382941696	0	1073741824	12179595264	0	536870912	10563891200	2107805696	1073741824	3882504192	17088356352
376	0	536870912	7382941696	0	1073741824	12179595264	0	536870912	10563891200	2119340032	1073741824	3882504192	17075691520
377	0	536870912	7382941696	0	1073741824	12179595264	0	536870912	10563891200	1982390272	1073741824	3882504192	17213726720
